# Cycle: 790, status: ACC, move: ('wf', 9000, 3, 24)
#     Time      Potential        Kinetic
         0    -120.386604       0.152858            nan            nan
         1    -120.395348       0.161501            nan            nan
         2    -120.374766       0.141183            nan            nan
         3    -120.345951       0.113167            nan            nan
         4    -120.353224       0.120341            nan            nan
         5    -120.387510       0.153295            nan            nan
         6    -120.379646       0.145473            nan            nan
         7    -120.331090       0.098253            nan            nan
         8    -120.311634       0.078954            nan            nan
         9    -120.332596       0.099076            nan            nan
        10    -120.347960       0.114099            nan            nan
        11    -120.333981       0.100321            nan            nan
        12    -120.304372       0.071424            nan            nan
        13    -120.302129       0.069575            nan            nan
        14    -120.344963       0.111276            nan            nan
        15    -120.372924       0.138582            nan            nan
        16    -120.352696       0.119542            nan            nan
        17    -120.344925       0.112338            nan            nan
        18    -120.380737       0.147208            nan            nan
        19    -120.411416       0.177378            nan            nan
        20    -120.403387       0.169569            nan            nan
        21    -120.367383       0.134079            nan            nan
        22    -120.336294       0.103534            nan            nan
        23    -120.339964       0.106856            nan            nan
