# Cycle: 790, status: ACC, move: ('wf', 9000, 3, 24)
#     Time       Orderp
         0    -0.711131
         1    -0.670537
         2    -0.630845
         3    -0.597003
         4    -0.572501
         5    -0.557060
         6    -0.546647
         7    -0.536738
         8    -0.525224
         9    -0.512892
        10    -0.502105
        11    -0.495533
        12    -0.495925
        13    -0.505842
        14    -0.526042
        15    -0.553857
        16    -0.584136
        17    -0.611822
        18    -0.633960
        19    -0.650399
        20    -0.663211
        21    -0.675837
        22    -0.692333
        23    -0.715580
