# Cycle: 3193, status: ACC, move: ('wf', 9000, 3, 63)
#     Time      Potential        Kinetic
         0       0.006106       0.252072            nan            nan
         1       0.009698       0.253984            nan            nan
         2       0.014696       0.249404            nan            nan
         3       0.021205       0.241165            nan            nan
         4       0.029268       0.236464            nan            nan
         5       0.038689       0.232115            nan            nan
         6       0.049190       0.223869            nan            nan
         7       0.059998       0.205794            nan            nan
         8       0.070393       0.191135            nan            nan
         9       0.079873       0.178766            nan            nan
        10       0.088056       0.167145            nan            nan
        11       0.094352       0.157639            nan            nan
        12       0.098734       0.154522            nan            nan
        13       0.101306       0.148404            nan            nan
        14       0.102192       0.144526            nan            nan
        15       0.101616       0.142502            nan            nan
        16       0.099847       0.143847            nan            nan
        17       0.097343       0.143501            nan            nan
        18       0.094774       0.147565            nan            nan
        19       0.092919       0.150071            nan            nan
        20       0.092725       0.139912            nan            nan
        21       0.094960       0.141221            nan            nan
        22       0.100419       0.139390            nan            nan
        23       0.109312       0.127787            nan            nan
        24       0.121170       0.109299            nan            nan
        25       0.135276       0.098836            nan            nan
        26       0.150637       0.083867            nan            nan
        27       0.164559       0.068442            nan            nan
        28       0.175528       0.059463            nan            nan
        29       0.182690       0.051385            nan            nan
        30       0.185127       0.049883            nan            nan
        31       0.182756       0.049737            nan            nan
        32       0.176370       0.048491            nan            nan
        33       0.166555       0.056200            nan            nan
        34       0.154046       0.064830            nan            nan
        35       0.139924       0.076965            nan            nan
        36       0.125647       0.089912            nan            nan
        37       0.112992       0.104140            nan            nan
        38       0.103089       0.113279            nan            nan
        39       0.096579       0.116506            nan            nan
        40       0.093217       0.126647            nan            nan
        41       0.092626       0.127593            nan            nan
        42       0.093955       0.126833            nan            nan
        43       0.096283       0.124606            nan            nan
        44       0.098807       0.123874            nan            nan
        45       0.100954       0.122820            nan            nan
        46       0.102105       0.122131            nan            nan
        47       0.101878       0.123074            nan            nan
        48       0.100035       0.128688            nan            nan
        49       0.096456       0.130457            nan            nan
        50       0.091180       0.132915            nan            nan
        51       0.084404       0.132421            nan            nan
        52       0.076439       0.138344            nan            nan
        53       0.067533       0.140502            nan            nan
        54       0.058085       0.148809            nan            nan
        55       0.048524       0.155061            nan            nan
        56       0.039259       0.164080            nan            nan
        57       0.030701       0.172202            nan            nan
        58       0.023171       0.175999            nan            nan
        59       0.016867       0.183201            nan            nan
        60       0.011793       0.193719            nan            nan
        61       0.007901       0.198319            nan            nan
        62       0.005079       0.206381            nan            nan
