# Cycle: 787, status: ACC, move: ('wf', 9000, 3, 21)
#     Time      Potential        Kinetic
         0    -120.426684       0.175471            nan            nan
         1    -120.403348       0.152777            nan            nan
         2    -120.382661       0.132461            nan            nan
         3    -120.386278       0.135818            nan            nan
         4    -120.398324       0.147244            nan            nan
         5    -120.383455       0.132243            nan            nan
         6    -120.337051       0.086676            nan            nan
         7    -120.306187       0.056335            nan            nan
         8    -120.318290       0.067650            nan            nan
         9    -120.331920       0.080710            nan            nan
        10    -120.313861       0.063133            nan            nan
        11    -120.288507       0.038426            nan            nan
        12    -120.292925       0.042874            nan            nan
        13    -120.328961       0.078311            nan            nan
        14    -120.361917       0.110745            nan            nan
        15    -120.363812       0.113046            nan            nan
        16    -120.358483       0.108497            nan            nan
        17    -120.386586       0.136204            nan            nan
        18    -120.427435       0.176151            nan            nan
        19    -120.432166       0.180911            nan            nan
        20    -120.400392       0.149775            nan            nan
