# Cycle: 787, status: ACC, move: ('wf', 9000, 3, 21)
#     Time       Orderp
         0    -0.719670
         1    -0.675821
         2    -0.629775
         3    -0.583942
         4    -0.540333
         5    -0.500673
         6    -0.466385
         7    -0.438470
         8    -0.417549
         9    -0.404063
        10    -0.398325
        11    -0.400546
        12    -0.410952
        13    -0.429876
        14    -0.457641
        15    -0.494061
        16    -0.537595
        17    -0.584890
        18    -0.631771
        19    -0.674914
        20    -0.712551
