# Cycle: 746, status: ACC, move: ('wf', 9000, 3, 27)
#     Time      Potential        Kinetic
         0    -120.373544       0.336116            nan            nan
         1    -120.414775       0.377102            nan            nan
         2    -120.421491       0.383523            nan            nan
         3    -120.377402       0.339833            nan            nan
         4    -120.304345       0.267527            nan            nan
         5    -120.243919       0.207333            nan            nan
         6    -120.209941       0.173045            nan            nan
         7    -120.185046       0.147887            nan            nan
         8    -120.154339       0.117405            nan            nan
         9    -120.131328       0.094870            nan            nan
        10    -120.140360       0.103601            nan            nan
        11    -120.163894       0.126402            nan            nan
        12    -120.162770       0.125455            nan            nan
        13    -120.144228       0.107495            nan            nan
        14    -120.139069       0.102306            nan            nan
        15    -120.147039       0.109894            nan            nan
        16    -120.147311       0.110091            nan            nan
        17    -120.135802       0.098959            nan            nan
        18    -120.135064       0.098651            nan            nan
        19    -120.168649       0.132003            nan            nan
        20    -120.223691       0.186498            nan            nan
        21    -120.271005       0.233895            nan            nan
        22    -120.313278       0.276439            nan            nan
        23    -120.364491       0.327318            nan            nan
        24    -120.408633       0.370865            nan            nan
        25    -120.415240       0.377278            nan            nan
        26    -120.375116       0.337427            nan            nan
