# Cycle: 3190, status: ACC, move: ('wf', 9000, 3, 50)
#     Time      Potential        Kinetic
         0       0.004567       0.371169            nan            nan
         1       0.008711       0.363368            nan            nan
         2       0.015339       0.360201            nan            nan
         3       0.024984       0.353283            nan            nan
         4       0.037607       0.341960            nan            nan
         5       0.052338       0.326564            nan            nan
         6       0.067847       0.309879            nan            nan
         7       0.081979       0.290395            nan            nan
         8       0.093084       0.286533            nan            nan
         9       0.099994       0.280694            nan            nan
        10       0.102196       0.278111            nan            nan
        11       0.100296       0.277372            nan            nan
        12       0.096117       0.282761            nan            nan
        13       0.092775       0.295681            nan            nan
        14       0.094556       0.295306            nan            nan
        15       0.105982       0.291114            nan            nan
        16       0.130184       0.262978            nan            nan
        17       0.166446       0.231185            nan            nan
        18       0.210533       0.189503            nan            nan
        19       0.256955       0.143582            nan            nan
        20       0.299700       0.103807            nan            nan
        21       0.335226       0.069057            nan            nan
        22       0.361466       0.043567            nan            nan
        23       0.378580       0.026910            nan            nan
        24       0.386798       0.021134            nan            nan
        25       0.387251       0.019634            nan            nan
        26       0.379769       0.028788            nan            nan
        27       0.364121       0.046840            nan            nan
        28       0.338465       0.072068            nan            nan
        29       0.303862       0.110201            nan            nan
        30       0.261649       0.148097            nan            nan
        31       0.215416       0.196577            nan            nan
        32       0.170214       0.234528            nan            nan
        33       0.132928       0.273271            nan            nan
        34       0.107568       0.301545            nan            nan
        35       0.095029       0.313644            nan            nan
        36       0.092672       0.303387            nan            nan
        37       0.095778       0.304290            nan            nan
        38       0.100069       0.301596            nan            nan
        39       0.102190       0.301763            nan            nan
        40       0.100110       0.301981            nan            nan
        41       0.093103       0.308720            nan            nan
        42       0.081645       0.317930            nan            nan
        43       0.067244       0.327239            nan            nan
        44       0.051645       0.340403            nan            nan
        45       0.036806       0.355789            nan            nan
        46       0.024327       0.361278            nan            nan
        47       0.014916       0.364819            nan            nan
        48       0.008491       0.366045            nan            nan
        49       0.004506       0.365951            nan            nan
