# Cycle: 3190, status: ACC, move: ('wf', 9000, 3, 50)
#     Time       Orderp
         0    -1.745331
         1    -1.662798
         2    -1.580915
         3    -1.499663
         4    -1.419606
         5    -1.341493
         6    -1.264593
         7    -1.190229
         8    -1.117644
         9    -1.045741
        10    -0.974227
        11    -0.902986
        12    -0.831071
        13    -0.758165
        14    -0.684400
        15    -0.611003
        16    -0.539154
        17    -0.471736
        18    -0.410548
        19    -0.356346
        20    -0.310595
        21    -0.273600
        22    -0.246044
        23    -0.227642
        24    -0.218613
        25    -0.218111
        26    -0.226345
        27    -0.243218
        28    -0.270224
        29    -0.306242
        30    -0.351187
        31    -0.404492
        32    -0.465894
        33    -0.533022
        34    -0.604614
        35    -0.678839
        36    -0.752664
        37    -0.825439
        38    -0.898373
        39    -0.971197
        40    -1.043893
        41    -1.117489
        42    -1.192130
        43    -1.267599
        44    -1.344984
        45    -1.424195
        46    -1.504441
        47    -1.585234
        48    -1.666272
        49    -1.746974
