# Cycle: 3198, status: ACC, move: ('wf', 9000, 3, 51)
#     Time      Potential        Kinetic
         0       0.006194       0.456031            nan            nan
         1       0.012273       0.456745            nan            nan
         2       0.022056       0.452545            nan            nan
         3       0.035853       0.438390            nan            nan
         4       0.052620       0.413546            nan            nan
         5       0.070195       0.391215            nan            nan
         6       0.085812       0.381116            nan            nan
         7       0.096917       0.363051            nan            nan
         8       0.101910       0.360103            nan            nan
         9       0.100985       0.363769            nan            nan
        10       0.096383       0.367269            nan            nan
        11       0.092652       0.383265            nan            nan
        12       0.096357       0.382634            nan            nan
        13       0.114031       0.352378            nan            nan
        14       0.148719       0.320794            nan            nan
        15       0.198100       0.269355            nan            nan
        16       0.255342       0.218016            nan            nan
        17       0.310867       0.158580            nan            nan
        18       0.358624       0.111033            nan            nan
        19       0.396705       0.077793            nan            nan
        20       0.425348       0.050708            nan            nan
        21       0.444853       0.028334            nan            nan
        22       0.457204       0.016021            nan            nan
        23       0.464934       0.008799            nan            nan
        24       0.469435       0.003515            nan            nan
        25       0.470198       0.002193            nan            nan
        26       0.467719       0.005555            nan            nan
        27       0.462338       0.009132            nan            nan
        28       0.453032       0.019066            nan            nan
        29       0.438212       0.032895            nan            nan
        30       0.415838       0.057482            nan            nan
        31       0.383740       0.089564            nan            nan
        32       0.341306       0.126883            nan            nan
        33       0.290524       0.172734            nan            nan
        34       0.234217       0.231322            nan            nan
        35       0.179798       0.272724            nan            nan
        36       0.136057       0.307614            nan            nan
        37       0.107435       0.334487            nan            nan
        38       0.094412       0.344309            nan            nan
        39       0.093033       0.351406            nan            nan
        40       0.097262       0.344229            nan            nan
        41       0.101422       0.340580            nan            nan
        42       0.101634       0.343297            nan            nan
        43       0.095944       0.360016            nan            nan
        44       0.084370       0.368327            nan            nan
        45       0.068493       0.382589            nan            nan
        46       0.051131       0.392448            nan            nan
        47       0.034995       0.407121            nan            nan
        48       0.021668       0.430260            nan            nan
        49       0.012223       0.430313            nan            nan
        50       0.006267       0.432056            nan            nan
