# Cycle: 3198, status: ACC, move: ('wf', 9000, 3, 51)
#     Time       Orderp
         0    -1.707585
         1    -1.614498
         2    -1.521625
         3    -1.429722
         4    -1.340078
         5    -1.252804
         6    -1.167576
         7    -1.083695
         8    -1.001024
         9    -0.918509
        10    -0.835444
        11    -0.751360
        12    -0.665905
        13    -0.582029
        14    -0.501619
        15    -0.426491
        16    -0.358128
        17    -0.298937
        18    -0.249058
        19    -0.207507
        20    -0.173435
        21    -0.147574
        22    -0.129321
        23    -0.116768
        24    -0.108911
        25    -0.107530
        26    -0.111962
        27    -0.121103
        28    -0.135700
        29    -0.156714
        30    -0.185148
        31    -0.221990
        32    -0.267259
        33    -0.320234
        34    -0.382050
        35    -0.451663
        36    -0.526310
        37    -0.605136
        38    -0.686235
        39    -0.768134
        40    -0.849690
        41    -0.930391
        42    -1.011267
        43    -1.093192
        44    -1.176299
        45    -1.261360
        46    -1.347583
        47    -1.434765
        48    -1.524682
        49    -1.615092
        50    -1.706093
