# Cycle: 3184, status: ACC, move: ('wf', 9000, 3, 50)
#     Time      Potential        Kinetic
         0       0.004186       0.394229            nan            nan
         1       0.008010       0.384166            nan            nan
         2       0.014116       0.380110            nan            nan
         3       0.022951       0.368170            nan            nan
         4       0.034684       0.360334            nan            nan
         5       0.048711       0.345659            nan            nan
         6       0.063753       0.330324            nan            nan
         7       0.078172       0.320889            nan            nan
         8       0.090137       0.315073            nan            nan
         9       0.098428       0.316964            nan            nan
        10       0.102030       0.320794            nan            nan
        11       0.101104       0.329544            nan            nan
        12       0.097130       0.331771            nan            nan
        13       0.093158       0.348637            nan            nan
        14       0.093785       0.361409            nan            nan
        15       0.104219       0.350612            nan            nan
        16       0.128416       0.340151            nan            nan
        17       0.167078       0.303111            nan            nan
        18       0.215547       0.253374            nan            nan
        19       0.267317       0.207355            nan            nan
        20       0.314768       0.157531            nan            nan
        21       0.352654       0.116250            nan            nan
        22       0.380251       0.090752            nan            nan
        23       0.399151       0.075427            nan            nan
        24       0.409687       0.063205            nan            nan
        25       0.414012       0.061035            nan            nan
        26       0.412335       0.062403            nan            nan
        27       0.403684       0.074495            nan            nan
        28       0.387787       0.088304            nan            nan
        29       0.363230       0.115447            nan            nan
        30       0.328785       0.155043            nan            nan
        31       0.285327       0.201039            nan            nan
        32       0.236109       0.239223            nan            nan
        33       0.187024       0.284152            nan            nan
        34       0.144204       0.324988            nan            nan
        35       0.113552       0.354780            nan            nan
        36       0.097040       0.378165            nan            nan
        37       0.092553       0.380594            nan            nan
        38       0.095118       0.377766            nan            nan
        39       0.099645       0.380776            nan            nan
        40       0.102167       0.390277            nan            nan
        41       0.100024       0.404292            nan            nan
        42       0.092209       0.403288            nan            nan
        43       0.079698       0.401988            nan            nan
        44       0.064194       0.422413            nan            nan
        45       0.047689       0.444867            nan            nan
        46       0.032561       0.453804            nan            nan
        47       0.020427       0.469211            nan            nan
        48       0.011732       0.473491            nan            nan
        49       0.006190       0.475937            nan            nan
