# Cycle: 3184, status: ACC, move: ('wf', 9000, 3, 50)
#     Time       Orderp
         0    -1.755778
         1    -1.674099
         2    -1.593648
         3    -1.514722
         4    -1.436611
         5    -1.359904
         6    -1.284909
         7    -1.211326
         8    -1.139387
         9    -1.067058
        10    -0.994929
        11    -0.921524
        12    -0.847549
        13    -0.772074
        14    -0.695333
        15    -0.618648
        16    -0.543243
        17    -0.470745
        18    -0.404330
        19    -0.345015
        20    -0.294877
        21    -0.255363
        22    -0.225818
        23    -0.204722
        24    -0.192490
        25    -0.187344
        26    -0.189349
        27    -0.199508
        28    -0.217516
        29    -0.244167
        30    -0.280304
        31    -0.325726
        32    -0.379859
        33    -0.441445
        34    -0.510028
        35    -0.583553
        36    -0.660260
        37    -0.737575
        38    -0.814110
        39    -0.890213
        40    -0.966727
        41    -1.045260
        42    -1.124387
        43    -1.203005
        44    -1.282733
        45    -1.365164
        46    -1.449437
        47    -1.534702
        48    -1.621060
        49    -1.707665
