# Cycle: 3137, status: ACC, move: ('wf', 9000, 3, 54)
#     Time      Potential        Kinetic
         0       0.004896       0.086988            nan            nan
         1       0.006670       0.083705            nan            nan
         2       0.008877       0.079661            nan            nan
         3       0.011527       0.075160            nan            nan
         4       0.014681       0.072785            nan            nan
         5       0.018358       0.070241            nan            nan
         6       0.022550       0.065268            nan            nan
         7       0.027305       0.066520            nan            nan
         8       0.032574       0.061845            nan            nan
         9       0.038016       0.055247            nan            nan
        10       0.043554       0.048070            nan            nan
        11       0.048966       0.040285            nan            nan
        12       0.054211       0.035144            nan            nan
        13       0.059220       0.032936            nan            nan
        14       0.064040       0.028422            nan            nan
        15       0.068247       0.021345            nan            nan
        16       0.071881       0.017276            nan            nan
        17       0.075101       0.015144            nan            nan
        18       0.077962       0.012817            nan            nan
        19       0.080525       0.011344            nan            nan
        20       0.082621       0.009436            nan            nan
        21       0.084412       0.006668            nan            nan
        22       0.085719       0.004518            nan            nan
        23       0.086743       0.003938            nan            nan
        24       0.087492       0.002324            nan            nan
        25       0.087953       0.002028            nan            nan
        26       0.088348       0.001176            nan            nan
        27       0.088464       0.000849            nan            nan
        28       0.088340       0.000765            nan            nan
        29       0.087984       0.000903            nan            nan
        30       0.087400       0.001366            nan            nan
        31       0.086564       0.002112            nan            nan
        32       0.085439       0.003632            nan            nan
        33       0.083981       0.005116            nan            nan
        34       0.082170       0.007934            nan            nan
        35       0.080050       0.009399            nan            nan
        36       0.077697       0.011371            nan            nan
        37       0.074750       0.015363            nan            nan
        38       0.071437       0.017504            nan            nan
        39       0.067766       0.020391            nan            nan
        40       0.063684       0.025008            nan            nan
        41       0.059081       0.030773            nan            nan
        42       0.054181       0.036511            nan            nan
        43       0.048931       0.041705            nan            nan
        44       0.043324       0.053188            nan            nan
        45       0.037420       0.063470            nan            nan
        46       0.031548       0.069210            nan            nan
        47       0.025975       0.073573            nan            nan
        48       0.020961       0.076573            nan            nan
        49       0.016596       0.077061            nan            nan
        50       0.012942       0.074378            nan            nan
        51       0.009958       0.075900            nan            nan
        52       0.007487       0.083500            nan            nan
        53       0.005499       0.080809            nan            nan
