# Cycle: 3154, status: ACC, move: ('wf', 9000, 3, 49)
#     Time      Potential        Kinetic
         0       0.005047       0.390916            nan            nan
         1       0.009575       0.386322            nan            nan
         2       0.016744       0.381394            nan            nan
         3       0.026968       0.369099            nan            nan
         4       0.040085       0.350971            nan            nan
         5       0.055266       0.345663            nan            nan
         6       0.070818       0.326321            nan            nan
         7       0.084687       0.311817            nan            nan
         8       0.095104       0.301824            nan            nan
         9       0.100939       0.296841            nan            nan
        10       0.102067       0.288246            nan            nan
        11       0.099400       0.292592            nan            nan
        12       0.095020       0.305677            nan            nan
        13       0.092553       0.302809            nan            nan
        14       0.096476       0.304961            nan            nan
        15       0.110929       0.291045            nan            nan
        16       0.137955       0.266525            nan            nan
        17       0.175846       0.222073            nan            nan
        18       0.218647       0.170198            nan            nan
        19       0.260436       0.119373            nan            nan
        20       0.296317       0.083742            nan            nan
        21       0.324006       0.056508            nan            nan
        22       0.342904       0.036428            nan            nan
        23       0.353591       0.031194            nan            nan
        24       0.356175       0.030012            nan            nan
        25       0.349429       0.037935            nan            nan
        26       0.332838       0.056410            nan            nan
        27       0.306927       0.083267            nan            nan
        28       0.273472       0.110835            nan            nan
        29       0.234923       0.139328            nan            nan
        30       0.195140       0.174613            nan            nan
        31       0.157085       0.217053            nan            nan
        32       0.125717       0.257738            nan            nan
        33       0.104528       0.274358            nan            nan
        34       0.094386       0.281794            nan            nan
        35       0.092745       0.289571            nan            nan
        36       0.095872       0.287703            nan            nan
        37       0.099974       0.280487            nan            nan
        38       0.102155       0.271588            nan            nan
        39       0.100730       0.274732            nan            nan
        40       0.095006       0.283586            nan            nan
        41       0.085105       0.296859            nan            nan
        42       0.071875       0.314867            nan            nan
        43       0.056843       0.330885            nan            nan
        44       0.042038       0.337598            nan            nan
        45       0.028994       0.348153            nan            nan
        46       0.018597       0.355907            nan            nan
        47       0.011079       0.360607            nan            nan
        48       0.006138       0.364402            nan            nan
