# Cycle: 3174, status: ACC, move: ('wf', 9000, 3, 51)
#     Time      Potential        Kinetic
         0       0.003378       0.443483            nan            nan
         1       0.007144       0.442992            nan            nan
         2       0.013679       0.423406            nan            nan
         3       0.023658       0.409982            nan            nan
         4       0.037163       0.397676            nan            nan
         5       0.053524       0.393361            nan            nan
         6       0.070755       0.378938            nan            nan
         7       0.085881       0.354150            nan            nan
         8       0.096601       0.339324            nan            nan
         9       0.101754       0.337781            nan            nan
        10       0.101326       0.340894            nan            nan
        11       0.097115       0.341925            nan            nan
        12       0.092980       0.350286            nan            nan
        13       0.094572       0.360388            nan            nan
        14       0.108277       0.352228            nan            nan
        15       0.138170       0.316669            nan            nan
        16       0.183057       0.273648            nan            nan
        17       0.237458       0.223520            nan            nan
        18       0.292826       0.167488            nan            nan
        19       0.342430       0.124476            nan            nan
        20       0.382495       0.080719            nan            nan
        21       0.412117       0.049346            nan            nan
        22       0.432195       0.028485            nan            nan
        23       0.445045       0.014738            nan            nan
        24       0.452243       0.007399            nan            nan
        25       0.454582       0.004807            nan            nan
        26       0.452960       0.005883            nan            nan
        27       0.447462       0.009915            nan            nan
        28       0.437139       0.019885            nan            nan
        29       0.420661       0.036540            nan            nan
        30       0.395473       0.062714            nan            nan
        31       0.360790       0.095121            nan            nan
        32       0.315751       0.143399            nan            nan
        33       0.263053       0.190911            nan            nan
        34       0.208027       0.243823            nan            nan
        35       0.157824       0.291113            nan            nan
        36       0.120523       0.336214            nan            nan
        37       0.099348       0.352614            nan            nan
        38       0.092632       0.363518            nan            nan
        39       0.094869       0.366291            nan            nan
        40       0.099745       0.354476            nan            nan
        41       0.102196       0.359250            nan            nan
        42       0.099246       0.370817            nan            nan
        43       0.089967       0.383334            nan            nan
        44       0.075284       0.406498            nan            nan
        45       0.057549       0.431722            nan            nan
        46       0.039814       0.456760            nan            nan
        47       0.024804       0.476819            nan            nan
        48       0.013904       0.481856            nan            nan
        49       0.006991       0.497013            nan            nan
        50       0.003146       0.503009            nan            nan
