# Cycle: 3188, status: ACC, move: ('wf', 9000, 3, 60)
#     Time      Potential        Kinetic
         0       0.005949       0.255933            nan            nan
         1       0.009296       0.255718            nan            nan
         2       0.013916       0.249570            nan            nan
         3       0.019922       0.242920            nan            nan
         4       0.027325       0.238211            nan            nan
         5       0.035922       0.229114            nan            nan
         6       0.045689       0.232322            nan            nan
         7       0.056121       0.224208            nan            nan
         8       0.066544       0.217826            nan            nan
         9       0.076405       0.206391            nan            nan
        10       0.084940       0.197244            nan            nan
        11       0.091915       0.189270            nan            nan
        12       0.097154       0.187845            nan            nan
        13       0.100518       0.187727            nan            nan
        14       0.102065       0.185747            nan            nan
        15       0.101896       0.185764            nan            nan
        16       0.100257       0.190903            nan            nan
        17       0.097616       0.200693            nan            nan
        18       0.094790       0.194384            nan            nan
        19       0.092814       0.202473            nan            nan
        20       0.093011       0.203325            nan            nan
        21       0.096645       0.192744            nan            nan
        22       0.104687       0.194691            nan            nan
        23       0.117669       0.182148            nan            nan
        24       0.135248       0.164944            nan            nan
        25       0.155971       0.147826            nan            nan
        26       0.177250       0.124946            nan            nan
        27       0.196848       0.105614            nan            nan
        28       0.212329       0.089549            nan            nan
        29       0.222161       0.078809            nan            nan
        30       0.225638       0.078521            nan            nan
        31       0.222223       0.079359            nan            nan
        32       0.212141       0.088781            nan            nan
        33       0.196605       0.107810            nan            nan
        34       0.176635       0.123401            nan            nan
        35       0.155125       0.140360            nan            nan
        36       0.134574       0.165720            nan            nan
        37       0.116708       0.181000            nan            nan
        38       0.103587       0.196256            nan            nan
        39       0.095738       0.207088            nan            nan
        40       0.092697       0.204858            nan            nan
        41       0.093218       0.203306            nan            nan
        42       0.095697       0.194540            nan            nan
        43       0.098658       0.190522            nan            nan
        44       0.101054       0.186376            nan            nan
        45       0.102172       0.180549            nan            nan
        46       0.101496       0.185306            nan            nan
        47       0.098692       0.186814            nan            nan
        48       0.093642       0.189249            nan            nan
        49       0.086302       0.199110            nan            nan
        50       0.076922       0.205649            nan            nan
        51       0.066067       0.219188            nan            nan
        52       0.054402       0.225930            nan            nan
        53       0.042928       0.228239            nan            nan
        54       0.032536       0.232380            nan            nan
        55       0.023567       0.235919            nan            nan
        56       0.016287       0.245261            nan            nan
        57       0.010699       0.253760            nan            nan
        58       0.006716       0.259125            nan            nan
        59       0.003990       0.270431            nan            nan
