# Cycle: 3185, status: ACC, move: ('wf', 9000, 3, 78)
#     Time      Potential        Kinetic
         0       0.006004       0.130837            nan            nan
         1       0.008815       0.137225            nan            nan
         2       0.012583       0.133017            nan            nan
         3       0.017346       0.124909            nan            nan
         4       0.023073       0.118920            nan            nan
         5       0.029736       0.112126            nan            nan
         6       0.037235       0.110751            nan            nan
         7       0.045382       0.103153            nan            nan
         8       0.053752       0.094854            nan            nan
         9       0.062075       0.088120            nan            nan
        10       0.070040       0.080765            nan            nan
        11       0.077511       0.081092            nan            nan
        12       0.084259       0.075516            nan            nan
        13       0.089943       0.066679            nan            nan
        14       0.094354       0.054678            nan            nan
        15       0.097695       0.054051            nan            nan
        16       0.100122       0.053807            nan            nan
        17       0.101578       0.049239            nan            nan
        18       0.102174       0.050692            nan            nan
        19       0.101988       0.048096            nan            nan
        20       0.101123       0.049779            nan            nan
        21       0.099699       0.051920            nan            nan
        22       0.097895       0.051457            nan            nan
        23       0.095957       0.053424            nan            nan
        24       0.094173       0.055966            nan            nan
        25       0.092907       0.058833            nan            nan
        26       0.092588       0.059685            nan            nan
        27       0.093656       0.057538            nan            nan
        28       0.096428       0.054172            nan            nan
        29       0.101053       0.047213            nan            nan
        30       0.107238       0.040080            nan            nan
        31       0.114631       0.031617            nan            nan
        32       0.122559       0.021069            nan            nan
        33       0.129806       0.013031            nan            nan
        34       0.135748       0.006771            nan            nan
        35       0.139500       0.002430            nan            nan
        36       0.140616       0.000611            nan            nan
        37       0.138840       0.002230            nan            nan
        38       0.134879       0.006003            nan            nan
        39       0.129173       0.013099            nan            nan
        40       0.122030       0.020606            nan            nan
        41       0.114653       0.025713            nan            nan
        42       0.107816       0.032933            nan            nan
        43       0.101876       0.037498            nan            nan
        44       0.097378       0.041307            nan            nan
        45       0.094413       0.044322            nan            nan
        46       0.092879       0.045422            nan            nan
        47       0.092578       0.044006            nan            nan
        48       0.093230       0.044713            nan            nan
        49       0.094518       0.042345            nan            nan
        50       0.096147       0.042944            nan            nan
        51       0.097856       0.040090            nan            nan
        52       0.099436       0.037959            nan            nan
        53       0.100729       0.035146            nan            nan
        54       0.101648       0.032821            nan            nan
        55       0.102132       0.032266            nan            nan
        56       0.102138       0.032077            nan            nan
        57       0.101634       0.031195            nan            nan
        58       0.100587       0.031910            nan            nan
        59       0.099007       0.031343            nan            nan
        60       0.096785       0.036014            nan            nan
        61       0.093872       0.036835            nan            nan
        62       0.090145       0.044362            nan            nan
        63       0.085693       0.044356            nan            nan
        64       0.080661       0.046772            nan            nan
        65       0.074927       0.053923            nan            nan
        66       0.068508       0.060362            nan            nan
        67       0.061428       0.069273            nan            nan
        68       0.054039       0.075418            nan            nan
        69       0.046566       0.076045            nan            nan
        70       0.039418       0.081212            nan            nan
        71       0.032605       0.087996            nan            nan
        72       0.026223       0.095103            nan            nan
        73       0.020579       0.096825            nan            nan
        74       0.015724       0.102828            nan            nan
        75       0.011669       0.107149            nan            nan
        76       0.008408       0.111325            nan            nan
        77       0.005941       0.109189            nan            nan
