# Cycle: 3199, status: ACC, move: None
#     Time      Potential        Kinetic
         0       0.000006       0.054704            nan            nan
         1       0.000009       0.051483            nan            nan
         2       0.000012       0.052979            nan            nan
         3       0.000016       0.050010            nan            nan
         4       0.000023       0.052558            nan            nan
         5       0.000031       0.055621            nan            nan
         6       0.000043       0.055612            nan            nan
         7       0.000059       0.056925            nan            nan
         8       0.000081       0.057356            nan            nan
         9       0.000110       0.056086            nan            nan
        10       0.000148       0.057168            nan            nan
        11       0.000197       0.054647            nan            nan
        12       0.000261       0.057448            nan            nan
        13       0.000346       0.059035            nan            nan
        14       0.000455       0.060471            nan            nan
        15       0.000589       0.055802            nan            nan
        16       0.000750       0.058822            nan            nan
        17       0.000953       0.059158            nan            nan
        18       0.001206       0.062076            nan            nan
        19       0.001525       0.062975            nan            nan
        20       0.001923       0.061217            nan            nan
        21       0.002394       0.055769            nan            nan
        22       0.002965       0.056947            nan            nan
        23       0.003652       0.055211            nan            nan
        24       0.004436       0.048560            nan            nan
        25       0.005298       0.049581            nan            nan
        26       0.006293       0.048785            nan            nan
        27       0.007375       0.045626            nan            nan
