# Cycle: 786, status: ACC, move: ('wf', 9000, 2, 39)
#     Time      Potential        Kinetic
         0    -120.333921       0.350899            nan            nan
         1    -120.371161       0.388064            nan            nan
         2    -120.377458       0.394789            nan            nan
         3    -120.371612       0.388796            nan            nan
         4    -120.343147       0.359916            nan            nan
         5    -120.272840       0.290366            nan            nan
         6    -120.199070       0.217276            nan            nan
         7    -120.159459       0.177430            nan            nan
         8    -120.143864       0.161540            nan            nan
         9    -120.133027       0.150534            nan            nan
        10    -120.117274       0.134921            nan            nan
        11    -120.108444       0.126633            nan            nan
        12    -120.133446       0.151185            nan            nan
        13    -120.165497       0.182206            nan            nan
        14    -120.152506       0.169774            nan            nan
        15    -120.121535       0.139633            nan            nan
        16    -120.116321       0.134030            nan            nan
        17    -120.119637       0.136993            nan            nan
        18    -120.108901       0.126328            nan            nan
        19    -120.086684       0.104405            nan            nan
        20    -120.073376       0.091589            nan            nan
        21    -120.094887       0.112728            nan            nan
        22    -120.128983       0.145871            nan            nan
        23    -120.129074       0.146490            nan            nan
        24    -120.120595       0.138629            nan            nan
        25    -120.135353       0.152816            nan            nan
        26    -120.146155       0.163386            nan            nan
        27    -120.136129       0.153583            nan            nan
        28    -120.116360       0.134121            nan            nan
        29    -120.107653       0.125802            nan            nan
        30    -120.130599       0.148444            nan            nan
        31    -120.167208       0.184375            nan            nan
        32    -120.184685       0.202429            nan            nan
        33    -120.211564       0.229877            nan            nan
        34    -120.276250       0.293814            nan            nan
        35    -120.341997       0.358986            nan            nan
        36    -120.375544       0.392585            nan            nan
        37    -120.379059       0.396281            nan            nan
        38    -120.365690       0.383028            nan            nan
