# Cycle: 786, status: ACC, move: ('wf', 9000, 2, 39)
#     Time       Orderp
         0    -0.751681
         1    -0.670955
         2    -0.590621
         3    -0.515679
         4    -0.447706
         5    -0.385804
         6    -0.329293
         7    -0.278774
         8    -0.235201
         9    -0.198917
        10    -0.169578
        11    -0.146310
        12    -0.127491
        13    -0.110650
        14    -0.093354
        15    -0.074515
        16    -0.054685
        17    -0.035142
        18    -0.016909
        19    -0.000431
        20     0.014454
        21     0.028491
        22     0.042635
        23     0.057395
        24     0.072557
        25     0.087691
        26     0.102866
        27     0.118939
        28     0.137544
        29     0.161109
        30     0.192645
        31     0.234811
        32     0.288507
        33     0.352144
        34     0.422410
        35     0.495961
        36     0.570299
        37     0.643630
        38     0.714566
