# Cycle: 784, status: ACC, move: ('wf', 9000, 3, 27)
#     Time      Potential        Kinetic
         0    -120.276832       0.301746            nan            nan
         1    -120.267585       0.292770            nan            nan
         2    -120.290233       0.314779            nan            nan
         3    -120.307749       0.331567            nan            nan
         4    -120.281500       0.305831            nan            nan
         5    -120.240611       0.266048            nan            nan
         6    -120.241256       0.266209            nan            nan
         7    -120.258673       0.282466            nan            nan
         8    -120.230646       0.254561            nan            nan
         9    -120.163709       0.188768            nan            nan
        10    -120.121897       0.147458            nan            nan
        11    -120.134457       0.159303            nan            nan
        12    -120.160237       0.184049            nan            nan
        13    -120.142190       0.166179            nan            nan
        14    -120.095399       0.120857            nan            nan
        15    -120.098719       0.124207            nan            nan
        16    -120.155372       0.179502            nan            nan
        17    -120.191276       0.215035            nan            nan
        18    -120.183010       0.207778            nan            nan
        19    -120.183529       0.208918            nan            nan
        20    -120.228047       0.252856            nan            nan
        21    -120.285467       0.309400            nan            nan
        22    -120.307831       0.331754            nan            nan
        23    -120.298563       0.323456            nan            nan
        24    -120.310911       0.335987            nan            nan
        25    -120.354438       0.378559            nan            nan
        26    -120.373754       0.397206            nan            nan
