# Cycle: 3187, status: ACC, move: ('wf', 9000, 3, 52)
#     Time      Potential        Kinetic
         0       0.005082       0.359280            nan            nan
         1       0.009170       0.352265            nan            nan
         2       0.015455       0.351396            nan            nan
         3       0.024374       0.343562            nan            nan
         4       0.035881       0.333161            nan            nan
         5       0.049439       0.329240            nan            nan
         6       0.063812       0.309433            nan            nan
         7       0.077558       0.301067            nan            nan
         8       0.089183       0.292004            nan            nan
         9       0.097425       0.291127            nan            nan
        10       0.101625       0.290114            nan            nan
        11       0.101829       0.289681            nan            nan
        12       0.098919       0.291073            nan            nan
        13       0.094815       0.304509            nan            nan
        14       0.092554       0.299634            nan            nan
        15       0.095667       0.282633            nan            nan
        16       0.107030       0.268355            nan            nan
        17       0.127997       0.243376            nan            nan
        18       0.158275       0.222400            nan            nan
        19       0.194778       0.181129            nan            nan
        20       0.232262       0.142946            nan            nan
        21       0.265897       0.111334            nan            nan
        22       0.293125       0.086797            nan            nan
        23       0.313164       0.065816            nan            nan
        24       0.324509       0.055493            nan            nan
        25       0.327909       0.052817            nan            nan
        26       0.323547       0.056754            nan            nan
        27       0.310794       0.071572            nan            nan
        28       0.289953       0.089072            nan            nan
        29       0.261533       0.115130            nan            nan
        30       0.227335       0.150616            nan            nan
        31       0.189828       0.193929            nan            nan
        32       0.153966       0.231635            nan            nan
        33       0.124681       0.256708            nan            nan
        34       0.104692       0.279629            nan            nan
        35       0.094657       0.286208            nan            nan
        36       0.092629       0.281141            nan            nan
        37       0.095179       0.271603            nan            nan
        38       0.099052       0.267674            nan            nan
        39       0.101794       0.254934            nan            nan
        40       0.101776       0.254326            nan            nan
        41       0.098240       0.249421            nan            nan
        42       0.091190       0.250786            nan            nan
        43       0.081041       0.260748            nan            nan
        44       0.068734       0.273907            nan            nan
        45       0.055196       0.285949            nan            nan
        46       0.041952       0.292618            nan            nan
        47       0.030308       0.294640            nan            nan
        48       0.020726       0.296412            nan            nan
        49       0.013406       0.298363            nan            nan
        50       0.008226       0.301175            nan            nan
        51       0.004762       0.312271            nan            nan
