# Cycle: 774, status: ACC, move: ('sh', -0.7300891424564084, 7, 9)
#     Time      Potential        Kinetic
         0    -120.369854       0.084651            nan            nan
         1    -120.377957       0.092719            nan            nan
         2    -120.379111       0.093967            nan            nan
         3    -120.378465       0.093389            nan            nan
         4    -120.379162       0.093979            nan            nan
         5    -120.375312       0.090052            nan            nan
         6    -120.363211       0.078123            nan            nan
         7    -120.352789       0.067931            nan            nan
         8    -120.357322       0.072477            nan            nan
         9    -120.377428       0.092339            nan            nan
        10    -120.398895       0.113554            nan            nan
