# Cycle: 748, status: ACC, move: ('wf', 9000, 3, 21)
#     Time      Potential        Kinetic
         0    -120.396921       0.103497            nan            nan
         1    -120.412515       0.118927            nan            nan
         2    -120.424219       0.130345            nan            nan
         3    -120.416810       0.123018            nan            nan
         4    -120.394955       0.101495            nan            nan
         5    -120.377734       0.084436            nan            nan
         6    -120.374633       0.081166            nan            nan
         7    -120.376086       0.082359            nan            nan
         8    -120.367622       0.073920            nan            nan
         9    -120.351229       0.057837            nan            nan
        10    -120.344282       0.051018            nan            nan
        11    -120.353496       0.059960            nan            nan
        12    -120.363845       0.070110            nan            nan
        13    -120.363634       0.070063            nan            nan
        14    -120.361310       0.067974            nan            nan
        15    -120.370244       0.076898            nan            nan
        16    -120.390080       0.096483            nan            nan
        17    -120.406684       0.112882            nan            nan
        18    -120.408832       0.115132            nan            nan
        19    -120.402789       0.109348            nan            nan
        20    -120.402566       0.109058            nan            nan
