# Cycle: 789, status: ACC, move: ('wf', 9000, 2, 37)
#     Time      Potential        Kinetic
         0    -120.321700       0.410259            nan            nan
         1    -120.387176       0.474699            nan            nan
         2    -120.392745       0.479907            nan            nan
         3    -120.321417       0.409659            nan            nan
         4    -120.242583       0.332663            nan            nan
         5    -120.251401       0.340533            nan            nan
         6    -120.294427       0.381349            nan            nan
         7    -120.251874       0.339408            nan            nan
         8    -120.153261       0.243025            nan            nan
         9    -120.116713       0.206443            nan            nan
        10    -120.145959       0.234108            nan            nan
        11    -120.153299       0.240711            nan            nan
        12    -120.095810       0.184112            nan            nan
        13    -120.033111       0.123392            nan            nan
        14    -120.068575       0.157888            nan            nan
        15    -120.148711       0.235509            nan            nan
        16    -120.139331       0.226675            nan            nan
        17    -120.069433       0.159203            nan            nan
        18    -120.068956       0.158583            nan            nan
        19    -120.135212       0.223032            nan            nan
        20    -120.165481       0.252697            nan            nan
        21    -120.119027       0.207239            nan            nan
        22    -120.057588       0.147644            nan            nan
        23    -120.078941       0.168311            nan            nan
        24    -120.144352       0.231421            nan            nan
        25    -120.133205       0.220731            nan            nan
        26    -120.071803       0.161753            nan            nan
        27    -120.086772       0.176407            nan            nan
        28    -120.167880       0.255810            nan            nan
        29    -120.219641       0.307194            nan            nan
        30    -120.213521       0.301826            nan            nan
        31    -120.197619       0.287432            nan            nan
        32    -120.253298       0.342800            nan            nan
        33    -120.359205       0.446442            nan            nan
        34    -120.395080       0.481952            nan            nan
        35    -120.339388       0.428089            nan            nan
        36    -120.289160       0.378534            nan            nan
