# Cycle: 789, status: ACC, move: ('wf', 9000, 2, 37)
#     Time       Orderp
         0    -0.704561
         1    -0.651014
         2    -0.597664
         3    -0.541756
         4    -0.482109
         5    -0.420037
         6    -0.359436
         7    -0.304879
         8    -0.259534
         9    -0.224131
        10    -0.197025
        11    -0.175709
        12    -0.158223
        13    -0.143265
        14    -0.129832
        15    -0.117414
        16    -0.106454
        17    -0.098092
        18    -0.093297
        19    -0.092243
        20    -0.094553
        21    -0.099776
        22    -0.107335
        23    -0.116455
        24    -0.126894
        25    -0.139866
        26    -0.157982
        27    -0.184166
        28    -0.220358
        29    -0.267375
        30    -0.325355
        31    -0.392981
        32    -0.466167
        33    -0.539046
        34    -0.607610
        35    -0.672011
        36    -0.734700
