# Cycle: 3197, status: ACC, move: ('wf', 9000, 3, 53)
#     Time      Potential        Kinetic
         0       0.005573       0.289638            nan            nan
         1       0.009787       0.290356            nan            nan
         2       0.016129       0.286189            nan            nan
         3       0.024905       0.275178            nan            nan
         4       0.035841       0.252342            nan            nan
         5       0.048418       0.244827            nan            nan
         6       0.061860       0.228094            nan            nan
         7       0.074789       0.220539            nan            nan
         8       0.086157       0.210562            nan            nan
         9       0.094853       0.199665            nan            nan
        10       0.100181       0.190214            nan            nan
        11       0.102171       0.193582            nan            nan
        12       0.101150       0.192776            nan            nan
        13       0.098027       0.201395            nan            nan
        14       0.094354       0.209422            nan            nan
        15       0.092554       0.210270            nan            nan
        16       0.095479       0.207724            nan            nan
        17       0.105809       0.199680            nan            nan
        18       0.124904       0.178760            nan            nan
        19       0.152098       0.148408            nan            nan
        20       0.183594       0.110891            nan            nan
        21       0.215720       0.079961            nan            nan
        22       0.245681       0.051177            nan            nan
        23       0.269936       0.026623            nan            nan
        24       0.286695       0.010047            nan            nan
        25       0.294768       0.001100            nan            nan
        26       0.293946       0.001829            nan            nan
        27       0.285049       0.010257            nan            nan
        28       0.268530       0.024354            nan            nan
        29       0.245137       0.047531            nan            nan
        30       0.216549       0.074449            nan            nan
        31       0.184592       0.110042            nan            nan
        32       0.153235       0.136216            nan            nan
        33       0.127012       0.155246            nan            nan
        34       0.107932       0.173098            nan            nan
        35       0.096791       0.187458            nan            nan
        36       0.092701       0.193738            nan            nan
        37       0.093580       0.189496            nan            nan
        38       0.096855       0.183137            nan            nan
        39       0.100252       0.181654            nan            nan
        40       0.102109       0.174668            nan            nan
        41       0.101386       0.174891            nan            nan
        42       0.097597       0.181617            nan            nan
        43       0.090704       0.186583            nan            nan
        44       0.081036       0.192755            nan            nan
        45       0.069444       0.198274            nan            nan
        46       0.056812       0.214752            nan            nan
        47       0.044016       0.228868            nan            nan
        48       0.032166       0.244334            nan            nan
        49       0.022209       0.249147            nan            nan
        50       0.014481       0.252168            nan            nan
        51       0.008922       0.254458            nan            nan
        52       0.005215       0.252725            nan            nan
