# Cycle: 788, status: ACC, move: ('wf', 9000, 3, 24)
#     Time      Potential        Kinetic
         0    -120.335641       0.296853            nan            nan
         1    -120.416984       0.376980            nan            nan
         2    -120.434976       0.394719            nan            nan
         3    -120.378312       0.339630            nan            nan
         4    -120.331246       0.293452            nan            nan
         5    -120.339019       0.299734            nan            nan
         6    -120.327597       0.287586            nan            nan
         7    -120.257776       0.218961            nan            nan
         8    -120.194101       0.156356            nan            nan
         9    -120.198421       0.160331            nan            nan
        10    -120.251692       0.212341            nan            nan
        11    -120.281363       0.241243            nan            nan
        12    -120.249899       0.210883            nan            nan
        13    -120.223716       0.186074            nan            nan
        14    -120.274814       0.236003            nan            nan
        15    -120.340753       0.300564            nan            nan
        16    -120.340981       0.301571            nan            nan
        17    -120.307978       0.269760            nan            nan
        18    -120.307674       0.269509            nan            nan
        19    -120.347325       0.308337            nan            nan
        20    -120.381655       0.341801            nan            nan
        21    -120.364993       0.325303            nan            nan
        22    -120.313236       0.274817            nan            nan
        23    -120.296843       0.258594            nan            nan
