# Cycle: 788, status: ACC, move: ('wf', 9000, 3, 24)
#     Time       Orderp
         0    -0.726959
         1    -0.695545
         2    -0.658393
         3    -0.617492
         4    -0.576297
         5    -0.538835
         6    -0.507293
         7    -0.481467
         8    -0.460223
         9    -0.442553
        10    -0.427826
        11    -0.415855
        12    -0.407267
        13    -0.404145
        14    -0.409700
        15    -0.425959
        16    -0.451967
        17    -0.484704
        18    -0.521031
        19    -0.559015
        20    -0.598145
        21    -0.638781
        22    -0.681616
        23    -0.727409
