# Cycle: 3200, status: ACC, move: ('wf', 9000, 3, 57)
#     Time      Potential        Kinetic
         0       0.004505       0.241697            nan            nan
         1       0.007705       0.242970            nan            nan
         2       0.012547       0.242255            nan            nan
         3       0.019295       0.233820            nan            nan
         4       0.027929       0.216970            nan            nan
         5       0.038270       0.209028            nan            nan
         6       0.049933       0.197072            nan            nan
         7       0.061972       0.182171            nan            nan
         8       0.073451       0.170745            nan            nan
         9       0.083618       0.155379            nan            nan
        10       0.091792       0.149306            nan            nan
        11       0.097744       0.144915            nan            nan
        12       0.101159       0.138399            nan            nan
        13       0.102195       0.134245            nan            nan
        14       0.101159       0.140313            nan            nan
        15       0.098631       0.137725            nan            nan
        16       0.095509       0.143788            nan            nan
        17       0.093025       0.153916            nan            nan
        18       0.092904       0.152631            nan            nan
        19       0.096840       0.147458            nan            nan
        20       0.106231       0.141747            nan            nan
        21       0.121906       0.132134            nan            nan
        22       0.143165       0.110974            nan            nan
        23       0.168026       0.085042            nan            nan
        24       0.192884       0.062256            nan            nan
        25       0.216002       0.041852            nan            nan
        26       0.234348       0.023669            nan            nan
        27       0.245856       0.009675            nan            nan
        28       0.249179       0.006773            nan            nan
        29       0.244163       0.012381            nan            nan
        30       0.231442       0.026959            nan            nan
        31       0.212318       0.043611            nan            nan
        32       0.189103       0.069328            nan            nan
        33       0.163511       0.093924            nan            nan
        34       0.139166       0.118408            nan            nan
        35       0.118141       0.149553            nan            nan
        36       0.103233       0.160912            nan            nan
        37       0.095098       0.164995            nan            nan
        38       0.092564       0.164600            nan            nan
        39       0.093820       0.160753            nan            nan
        40       0.096839       0.155272            nan            nan
        41       0.099947       0.148031            nan            nan
        42       0.101897       0.143417            nan            nan
        43       0.101953       0.140666            nan            nan
        44       0.099705       0.142191            nan            nan
        45       0.094982       0.146475            nan            nan
        46       0.087922       0.151793            nan            nan
        47       0.078821       0.158593            nan            nan
        48       0.068252       0.165934            nan            nan
        49       0.056796       0.185072            nan            nan
        50       0.045061       0.194073            nan            nan
        51       0.034106       0.205369            nan            nan
        52       0.024645       0.205399            nan            nan
        53       0.016965       0.214860            nan            nan
        54       0.011068       0.225821            nan            nan
        55       0.006814       0.236426            nan            nan
        56       0.003959       0.236648            nan            nan
