# Cycle: 3194, status: ACC, move: ('wf', 9000, 3, 45)
#     Time      Potential        Kinetic
         0       0.006034       0.103628            nan            nan
         1       0.007752       0.103743            nan            nan
         2       0.009803       0.097072            nan            nan
         3       0.012193       0.097141            nan            nan
         4       0.014965       0.098073            nan            nan
         5       0.018118       0.096731            nan            nan
         6       0.021584       0.092530            nan            nan
         7       0.025215       0.081351            nan            nan
         8       0.028960       0.078925            nan            nan
         9       0.032681       0.070279            nan            nan
        10       0.036332       0.064900            nan            nan
        11       0.039811       0.063235            nan            nan
        12       0.043057       0.058605            nan            nan
        13       0.046040       0.053153            nan            nan
        14       0.048543       0.052670            nan            nan
        15       0.050653       0.052256            nan            nan
        16       0.052625       0.053957            nan            nan
        17       0.054449       0.049304            nan            nan
        18       0.056053       0.050854            nan            nan
        19       0.057454       0.048588            nan            nan
        20       0.058396       0.048898            nan            nan
        21       0.058900       0.051486            nan            nan
        22       0.059078       0.052873            nan            nan
        23       0.058947       0.055385            nan            nan
        24       0.058566       0.052762            nan            nan
        25       0.057870       0.053767            nan            nan
        26       0.056830       0.053518            nan            nan
        27       0.055267       0.056468            nan            nan
        28       0.053316       0.060493            nan            nan
        29       0.050944       0.063285            nan            nan
        30       0.048233       0.064512            nan            nan
        31       0.045167       0.068063            nan            nan
        32       0.041890       0.067552            nan            nan
        33       0.038569       0.073271            nan            nan
        34       0.035186       0.075421            nan            nan
        35       0.031542       0.085422            nan            nan
        36       0.027795       0.088957            nan            nan
        37       0.024237       0.090431            nan            nan
        38       0.020904       0.091572            nan            nan
        39       0.017970       0.091957            nan            nan
        40       0.015122       0.102595            nan            nan
        41       0.012498       0.100314            nan            nan
        42       0.010120       0.110799            nan            nan
        43       0.008037       0.110738            nan            nan
        44       0.006282       0.115156            nan            nan
