# Cycle: 776, status: ACC, move: ('wf', 9000, 3, 20)
#     Time      Potential        Kinetic
         0    -120.279224       0.183541            nan            nan
         1    -120.371929       0.273558            nan            nan
         2    -120.422351       0.322641            nan            nan
         3    -120.345853       0.247870            nan            nan
         4    -120.229012       0.132906            nan            nan
         5    -120.181729       0.086082            nan            nan
         6    -120.231823       0.134972            nan            nan
         7    -120.305957       0.206897            nan            nan
         8    -120.286064       0.186803            nan            nan
         9    -120.186309       0.090584            nan            nan
        10    -120.196143       0.100301            nan            nan
        11    -120.309607       0.210140            nan            nan
        12    -120.330277       0.230910            nan            nan
        13    -120.240109       0.143096            nan            nan
        14    -120.164910       0.069288            nan            nan
        15    -120.188799       0.092792            nan            nan
        16    -120.288663       0.190786            nan            nan
        17    -120.355516       0.255945            nan            nan
        18    -120.308095       0.210223            nan            nan
        19    -120.252560       0.157465            nan            nan
