# Cycle: 776, status: ACC, move: ('wf', 9000, 3, 20)
#     Time       Orderp
         0    -0.749226
         1    -0.688648
         2    -0.630645
         3    -0.577404
         4    -0.530345
         5    -0.490034
         6    -0.456618
         7    -0.430493
         8    -0.413063
         9    -0.406872
        10    -0.413509
        11    -0.431263
        12    -0.456924
        13    -0.488296
        14    -0.524068
        15    -0.562858
        16    -0.602727
        17    -0.641469
        18    -0.677570
        19    -0.710210
