# Cycle: 3195, status: ACC, move: ('wf', 9000, 3, 113)
#     Time      Potential        Kinetic
         0       0.005388       0.099855            nan            nan
         1       0.007571       0.102475            nan            nan
         2       0.010389       0.098918            nan            nan
         3       0.013959       0.097663            nan            nan
         4       0.018218       0.090010            nan            nan
         5       0.023135       0.084421            nan            nan
         6       0.028633       0.080557            nan            nan
         7       0.034733       0.075347            nan            nan
         8       0.041177       0.071329            nan            nan
         9       0.047854       0.065950            nan            nan
        10       0.054487       0.057482            nan            nan
        11       0.060843       0.049650            nan            nan
        12       0.066729       0.046016            nan            nan
        13       0.072142       0.038711            nan            nan
        14       0.076961       0.033866            nan            nan
        15       0.081190       0.030531            nan            nan
        16       0.084860       0.026501            nan            nan
        17       0.087974       0.023567            nan            nan
        18       0.090667       0.021725            nan            nan
        19       0.092958       0.019964            nan            nan
        20       0.094871       0.017548            nan            nan
        21       0.096418       0.015802            nan            nan
        22       0.097735       0.014738            nan            nan
        23       0.098760       0.010941            nan            nan
        24       0.099502       0.008502            nan            nan
        25       0.100104       0.008451            nan            nan
        26       0.100582       0.007329            nan            nan
        27       0.101000       0.006986            nan            nan
        28       0.101334       0.007781            nan            nan
        29       0.101610       0.009210            nan            nan
        30       0.101837       0.009073            nan            nan
        31       0.102018       0.009354            nan            nan
        32       0.102140       0.010618            nan            nan
        33       0.102194       0.010499            nan            nan
        34       0.102178       0.010838            nan            nan
        35       0.102091       0.010310            nan            nan
        36       0.101945       0.009352            nan            nan
        37       0.101738       0.010771            nan            nan
        38       0.101483       0.011477            nan            nan
        39       0.101131       0.012233            nan            nan
        40       0.100722       0.012380            nan            nan
        41       0.100305       0.011320            nan            nan
        42       0.099813       0.012711            nan            nan
        43       0.099240       0.014479            nan            nan
        44       0.098617       0.015003            nan            nan
        45       0.097933       0.015040            nan            nan
        46       0.097221       0.016641            nan            nan
        47       0.096507       0.016326            nan            nan
        48       0.095833       0.015780            nan            nan
        49       0.095169       0.016297            nan            nan
        50       0.094550       0.019240            nan            nan
        51       0.093940       0.020397            nan            nan
        52       0.093392       0.023026            nan            nan
        53       0.092969       0.023192            nan            nan
        54       0.092662       0.023741            nan            nan
        55       0.092553       0.023183            nan            nan
        56       0.092680       0.025425            nan            nan
        57       0.093080       0.025351            nan            nan
        58       0.093819       0.027062            nan            nan
        59       0.095002       0.028319            nan            nan
        60       0.096648       0.027459            nan            nan
        61       0.098715       0.025945            nan            nan
        62       0.101264       0.024655            nan            nan
        63       0.104123       0.023745            nan            nan
        64       0.106882       0.019443            nan            nan
        65       0.109086       0.016730            nan            nan
        66       0.110493       0.015261            nan            nan
        67       0.111451       0.015810            nan            nan
        68       0.111838       0.017181            nan            nan
        69       0.111422       0.019049            nan            nan
        70       0.110209       0.020856            nan            nan
        71       0.108052       0.024824            nan            nan
        72       0.105506       0.025202            nan            nan
        73       0.102985       0.026027            nan            nan
        74       0.100328       0.029700            nan            nan
        75       0.097853       0.030837            nan            nan
        76       0.095734       0.032698            nan            nan
        77       0.094083       0.035337            nan            nan
        78       0.093015       0.035271            nan            nan
        79       0.092569       0.035842            nan            nan
        80       0.092707       0.034686            nan            nan
        81       0.093297       0.033791            nan            nan
        82       0.094217       0.033633            nan            nan
        83       0.095401       0.036842            nan            nan
        84       0.096747       0.033084            nan            nan
        85       0.098106       0.034891            nan            nan
        86       0.099424       0.032526            nan            nan
        87       0.100525       0.030446            nan            nan
        88       0.101388       0.030609            nan            nan
        89       0.101963       0.030576            nan            nan
        90       0.102194       0.029247            nan            nan
        91       0.102038       0.031365            nan            nan
        92       0.101448       0.031279            nan            nan
        93       0.100385       0.031629            nan            nan
        94       0.098824       0.033030            nan            nan
        95       0.096653       0.034632            nan            nan
        96       0.093875       0.038985            nan            nan
        97       0.090357       0.042653            nan            nan
        98       0.086057       0.047437            nan            nan
        99       0.080973       0.051222            nan            nan
       100       0.075248       0.055964            nan            nan
       101       0.068727       0.064816            nan            nan
       102       0.061605       0.071283            nan            nan
       103       0.054132       0.075848            nan            nan
       104       0.046558       0.081080            nan            nan
       105       0.039153       0.088115            nan            nan
       106       0.032054       0.093366            nan            nan
       107       0.025711       0.098739            nan            nan
       108       0.019996       0.103872            nan            nan
       109       0.015084       0.115246            nan            nan
       110       0.010914       0.126248            nan            nan
       111       0.007636       0.128867            nan            nan
       112       0.005136       0.139221            nan            nan
